80

-0.5	0.8	0.1	-0.8	-0.8	0.3	0.8	-0.1	-0.6	0.8	0.2	-0.5	0.9	0.1	-0.6	-0.6	-1.0	0.6	0.9	-0.6	-0.8	-0.4	-0.3	1.0	0.9	-0.1	0.7	0.4	-0.8	0.3	-0.8	0.7	0.4	-0.1	0.5	0.8	1.0	0.6	0.9	-0.7	-0.2	-0.7	0.2	0.6	-0.3	0.3	0.6	-0.6	-0.5	0.1	-0.7	0.1	-0.5	1.0	0.5	0.3	-0.5	-0.7	-0.6	-0.5	-0.6	-0.1	-0.5	-0.4	0.8	-0.1	0.2	-0.9	-0.2	-0.6	-0.9	-0.6	0.0	1.0	-0.5	0.1	-0.4	0.7	-0.3	0.3	
-0.3	0.9	-0.7	-0.4	0.0	-0.2	0.9	0.4	-0.5	-0.4	0.3	1.0	0.2	-0.5	-0.9	-0.7	-0.6	-0.7	-0.3	1.0	0.1	0.9	-0.7	-0.1	0.9	0.3	-0.5	0.9	0.1	0.4	0.4	0.6	-0.5	-0.4	0.4	0.8	0.8	0.4	-0.3	-0.2	-0.4	0.7	-0.7	-0.2	1.0	-0.3	-1.0	-0.7	0.2	0.5	0.6	0.6	-0.6	0.5	0.7	-0.8	-0.6	-0.3	0.1	-1.0	-0.4	1.0	-0.6	0.2	-0.3	-0.7	0.7	0.1	0.5	-0.1	0.2	-0.8	1.0	0.1	-0.4	0.4	-0.3	0.6	-0.8	0.9	
0.6	0.0	-0.7	0.1	1.0	-0.3	0.1	0.8	0.5	-0.4	0.5	0.8	-0.8	0.8	0.9	0.2	-0.3	0.6	0.3	-0.9	-0.5	0.9	0.8	0.3	-0.6	0.2	-0.8	0.7	-1.0	0.1	-0.1	-0.1	0.8	-0.9	-0.1	-0.5	0.8	-0.7	-0.1	-0.9	-0.2	0.7	-0.5	0.7	-0.5	-0.6	-0.2	-1.0	-0.1	0.7	1.0	0.7	-0.7	1.0	0.0	0.7	-0.3	-0.4	0.3	-1.0	0.0	0.7	-0.9	0.4	0.2	0.4	-0.4	-1.0	0.7	-0.8	0.9	1.0	-0.2	0.0	-0.5	0.1	-1.0	0.6	0.6	0.2	
-0.2	-0.1	1.0	1.0	0.6	-1.0	0.8	0.9	0.4	0.1	0.6	1.0	0.3	-0.5	0.2	-0.3	-0.6	0.8	-0.1	-0.4	0.0	-0.2	-0.2	0.0	-0.9	0.9	0.9	1.0	0.5	-0.4	0.1	-0.6	-0.4	0.4	-0.1	-1.0	0.1	0.9	0.3	-0.7	0.3	0.2	-0.4	0.8	0.2	0.4	0.4	-0.7	-0.6	-0.7	0.4	-0.7	0.4	-0.2	0.9	0.0	-0.6	-0.1	-0.7	-0.7	-0.5	-0.3	-0.5	-0.1	0.2	-0.5	-1.0	-0.8	0.8	-1.0	0.1	0.6	-0.5	-0.4	-0.6	-0.8	0.9	-0.7	0.9	0.1	
0.1	-0.1	-0.9	0.3	0.4	-0.6	0.0	0.6	0.0	0.2	-0.3	0.5	-0.5	0.4	-0.2	0.9	0.2	0.1	-0.7	-0.5	0.9	0.1	0.3	-0.4	0.0	0.4	0.4	0.6	-0.5	0.3	0.4	0.0	-1.0	-0.7	0.7	0.7	-0.4	0.6	0.2	0.9	0.3	-0.5	-0.9	0.2	-0.4	-0.7	-0.9	0.3	-1.0	-0.2	0.3	-0.3	0.0	0.1	-0.4	0.6	-1.0	0.5	0.0	-0.9	0.6	0.6	0.7	0.2	0.7	-0.5	1.0	-1.0	-1.0	1.0	0.1	-0.2	-0.3	0.4	-0.3	1.0	-1.0	-0.3	-0.9	-0.6	
-0.6	0.8	0.0	-0.8	-0.6	-0.7	-1.0	-0.7	-0.6	0.0	0.2	0.6	-0.6	-0.6	-0.4	-0.4	0.1	0.2	0.0	-0.6	0.1	-0.9	0.7	0.9	0.3	0.9	0.8	0.2	-0.2	1.0	0.2	0.1	0.3	0.9	-0.7	0.2	-1.0	-0.5	-0.3	-0.1	-0.9	0.5	0.0	0.9	0.4	0.8	-1.0	0.8	1.0	0.4	-0.6	-0.2	-0.6	-0.1	-0.1	0.4	-0.4	-0.6	0.4	-0.9	0.0	-0.7	0.1	0.5	0.9	-0.1	0.1	0.4	0.0	0.7	-0.6	-0.4	0.6	-0.2	0.3	-1.0	0.1	-0.9	0.0	0.8	
-0.5	-0.6	0.0	0.9	-0.6	0.4	-0.1	-0.6	0.2	-0.8	-0.7	-0.8	0.2	-0.2	-0.2	-0.1	-0.8	-0.1	-0.8	0.4	0.7	0.5	-0.5	0.9	-0.5	1.0	0.2	0.9	-0.4	1.0	0.9	1.0	-0.6	0.0	-1.0	-0.3	-0.9	0.7	-0.1	-1.0	0.2	0.9	-0.3	-0.1	-0.2	-0.8	0.9	-0.9	0.4	0.9	-0.9	-0.2	0.2	0.7	0.1	-0.2	-0.1	0.6	-0.3	0.5	0.3	0.2	0.0	1.0	0.4	-0.1	-0.2	-0.7	-0.3	0.9	0.9	0.6	-0.1	0.5	0.5	-0.7	0.6	0.3	-0.1	0.8	
0.3	0.5	0.7	0.6	0.2	-0.5	0.9	-0.1	0.7	0.7	-0.4	-0.8	-0.1	-0.6	0.1	-0.6	-0.4	-0.3	0.9	-0.6	0.6	-0.5	-0.4	0.5	0.5	0.7	-0.8	0.8	0.1	-0.3	0.3	-0.6	-0.2	0.3	-0.6	-0.9	0.1	-0.7	0.8	-0.1	-0.4	-0.2	0.6	0.7	0.5	0.4	0.5	-0.5	0.4	-0.3	-0.5	-0.7	-0.8	-1.0	0.3	0.3	-0.3	0.3	0.1	0.7	-0.3	0.1	-0.8	-0.8	-0.1	-0.1	-0.9	0.2	-0.5	0.5	-0.4	0.7	0.6	0.2	-0.9	-0.4	0.7	0.8	-0.9	0.5	
0.3	0.4	0.1	-0.2	0.9	-0.4	-0.9	0.5	0.7	-0.2	0.2	0.5	1.0	0.4	-0.7	0.4	0.8	0.5	0.6	0.3	-0.6	-0.6	-0.8	0.8	-0.2	-0.4	0.4	0.4	-0.2	-0.7	-0.3	-0.3	-0.7	-0.9	0.0	-0.3	-0.4	0.0	-0.7	-0.5	-0.5	-0.9	-0.2	-0.6	0.2	0.1	-0.3	-0.9	1.0	-1.0	0.1	0.6	0.9	-0.3	-0.3	-0.2	0.0	0.6	0.8	-0.3	-0.1	0.4	-0.8	-0.9	0.3	-1.0	0.6	-0.4	0.3	0.4	-0.9	0.4	-1.0	-0.1	-0.7	-0.7	0.5	-0.1	-0.2	0.3	
0.6	-0.1	0.8	-0.9	-0.6	0.9	0.2	-1.0	0.9	-0.2	-0.4	1.0	0.5	-0.3	0.9	-0.7	-0.4	1.0	-0.8	0.3	-0.7	-0.9	0.9	0.2	0.7	0.8	0.7	0.4	0.1	-0.7	0.9	0.4	0.3	1.0	-1.0	0.9	0.5	0.6	-0.3	-0.7	0.1	0.0	0.1	0.4	0.9	-0.3	-0.4	-0.5	0.2	-0.5	0.6	0.6	-0.6	0.0	-0.3	0.5	-0.2	0.1	0.4	0.4	-0.9	-0.3	-0.3	-0.7	-0.8	-0.1	0.7	0.7	0.4	-0.7	-0.3	-0.5	-0.9	0.9	0.1	-0.5	0.0	-1.0	0.4	-0.1	
0.0	0.6	0.1	0.0	0.0	0.6	0.4	-0.8	0.2	-0.3	-1.0	-0.2	-1.0	0.4	0.2	-0.1	1.0	0.5	-0.6	0.9	0.7	0.3	-0.7	-0.8	-0.7	-0.8	0.1	0.7	0.7	-1.0	0.5	-0.6	-0.5	-0.8	-0.1	-0.9	-0.9	-0.7	0.2	-0.4	1.0	-0.5	-0.8	-0.1	-0.4	0.3	-0.8	-0.8	-0.7	0.7	-0.9	0.9	0.1	-0.9	-0.1	-0.1	-0.5	-0.2	1.0	1.0	0.9	0.5	0.7	0.5	-0.6	-1.0	-0.6	-0.9	-0.2	0.6	0.5	-0.6	0.5	0.3	-0.9	0.3	-0.8	0.4	-0.3	0.2	
0.5	0.8	0.5	0.5	-0.5	0.2	0.4	-0.4	0.0	1.0	-0.7	-0.3	-0.1	-0.3	0.9	-0.8	1.0	-0.5	0.4	0.1	0.5	-0.1	-0.9	0.9	0.5	-0.7	-0.5	0.3	0.5	-0.6	-0.5	1.0	-0.2	-0.7	0.2	0.4	0.1	-0.1	0.6	0.5	0.7	-0.8	0.7	-0.5	-0.8	0.9	0.4	1.0	-0.4	0.4	0.4	-0.5	0.2	-0.5	-0.3	-0.9	-0.8	-0.3	-0.1	0.4	-0.3	-0.1	0.3	-0.2	0.5	0.9	0.2	0.6	-0.8	0.1	-0.3	0.1	0.0	0.8	-0.4	-0.7	0.3	0.1	-0.8	-0.2	
0.0	0.7	0.0	0.8	0.3	-0.7	0.2	0.9	-0.8	-0.6	-0.6	-0.3	-0.6	0.8	-0.9	0.6	-0.9	0.6	0.9	-0.2	0.7	-0.4	-0.1	0.9	-0.3	-0.4	0.2	-0.2	0.4	-0.3	-0.1	0.9	0.9	-0.7	-0.9	1.0	0.5	0.9	0.5	-0.6	-0.5	0.9	-0.7	0.1	0.0	0.9	-0.9	0.1	0.2	0.7	0.7	-0.1	-0.1	0.1	0.0	0.0	0.8	0.2	0.8	0.7	1.0	-0.7	0.5	0.5	-1.0	0.2	-0.2	0.2	-0.2	-0.4	0.7	-0.9	-0.3	0.2	0.9	0.9	0.4	0.6	0.1	0.2	
-0.5	-0.7	0.0	0.3	0.8	0.7	1.0	0.9	-0.3	0.1	0.0	-0.9	0.2	-0.8	-0.9	0.0	-0.8	-0.9	0.2	-0.4	-0.6	0.4	-1.0	0.6	1.0	0.5	1.0	-0.9	0.6	-1.0	-0.7	-0.1	0.4	0.4	-0.6	1.0	-0.9	0.4	-1.0	0.1	-0.4	0.5	0.8	0.5	0.7	0.3	-0.2	0.0	0.9	0.7	0.4	-0.6	0.7	-1.0	-0.9	-0.7	0.8	-0.3	0.0	-0.3	0.7	0.0	0.1	-0.3	-0.8	0.5	-0.1	-1.0	1.0	-0.3	-0.3	0.4	0.9	0.1	0.8	0.5	-0.4	0.7	0.1	0.4	
-0.2	-0.2	0.9	0.7	-1.0	-0.2	0.4	0.0	-0.6	0.0	-0.4	0.2	-0.6	-0.8	-0.4	0.8	-0.1	-0.4	-0.1	0.9	-0.3	-0.2	-0.3	0.9	0.5	0.0	-0.3	0.7	-0.8	-1.0	0.6	0.5	0.4	-1.0	0.6	0.8	0.2	-0.3	0.2	-0.5	0.4	-0.7	0.8	-0.3	0.3	-0.7	0.6	-0.4	-0.6	0.6	0.3	0.8	0.6	-0.7	0.6	0.2	-0.7	0.9	-0.3	0.9	1.0	0.6	0.0	-0.5	-0.2	-0.7	-0.1	-0.6	-0.7	0.6	0.3	0.2	-0.1	-0.3	0.1	0.5	-0.2	0.4	0.0	0.6	
-0.1	-0.3	-0.7	0.2	0.0	-0.3	0.0	-0.3	0.4	0.5	-0.1	1.0	0.6	-0.3	0.9	0.1	-0.2	0.3	0.5	0.4	-0.7	-0.5	0.0	0.0	0.0	0.0	0.4	0.6	0.2	0.2	0.3	1.0	-1.0	0.3	0.2	1.0	-0.6	0.4	0.3	-0.5	-0.8	0.5	0.3	-0.5	0.2	-0.3	0.2	0.3	0.4	0.4	-0.5	-0.2	1.0	-0.1	1.0	0.8	0.1	-0.8	0.4	-0.4	-1.0	-0.5	0.2	0.6	1.0	-1.0	-0.9	0.6	-0.1	0.4	-0.8	0.5	0.1	-0.7	0.1	-1.0	1.0	0.5	-0.2	0.3	
-0.6	0.5	-0.4	0.2	0.7	1.0	-0.3	-0.3	0.7	0.2	0.1	0.7	0.0	0.7	0.5	-0.3	0.1	0.7	-0.1	0.8	0.2	0.0	0.7	-0.7	0.9	0.8	-0.8	-0.7	0.6	0.8	0.3	0.4	0.2	-0.1	0.0	0.9	-0.5	0.2	-0.1	-0.5	0.9	-0.6	0.9	-0.7	0.0	-0.8	0.6	-0.3	0.8	0.7	-0.1	0.1	-0.7	0.8	-0.6	-0.4	-0.9	-0.4	0.7	-0.5	-0.8	-0.5	-0.4	-0.4	-0.7	-0.3	-0.7	-0.7	0.1	-0.3	-1.0	0.0	0.3	1.0	0.4	-0.3	-0.9	-0.5	0.3	-0.7	
0.7	-0.5	0.0	0.2	-0.1	0.3	-0.2	-0.1	-1.0	-0.6	0.1	-0.7	-0.6	-0.6	0.3	0.1	0.0	-0.4	0.8	0.4	0.6	0.0	0.6	-0.8	0.4	0.4	0.7	-0.9	0.7	-0.8	-0.1	0.0	-0.1	0.2	-0.7	-0.7	1.0	0.8	-0.7	0.4	1.0	0.6	1.0	-0.5	-0.1	-0.7	-0.1	-0.2	-0.5	0.3	0.4	-0.3	0.6	0.9	-0.5	1.0	-0.7	-0.3	-0.4	-0.6	0.8	-0.8	-0.2	-0.1	-0.8	-0.1	0.3	-1.0	0.4	0.3	0.8	0.3	-0.3	-0.9	-0.9	0.5	-0.4	-0.1	-0.5	0.7	
-1.0	0.9	-1.0	0.3	0.3	0.6	-0.9	-0.4	0.7	-0.7	-0.7	0.5	-0.8	0.9	-0.7	0.0	0.5	-0.3	0.6	-0.3	0.1	0.5	-0.8	0.9	0.5	0.7	-0.6	0.3	-0.4	1.0	0.1	0.6	-0.9	-0.2	-0.3	0.0	0.3	-0.5	-0.7	-1.0	-0.2	-0.7	-0.2	0.9	-0.4	-0.9	-0.2	0.3	0.9	-0.6	-0.8	0.0	-0.3	1.0	0.3	-0.8	-0.3	-0.8	-0.9	0.5	0.7	0.6	0.2	0.9	-0.8	0.6	0.8	0.3	-0.5	-0.8	-0.1	0.6	-0.9	-0.8	-0.4	-0.6	1.0	0.0	0.0	0.4	
0.9	-0.8	0.5	-0.4	-0.5	-0.5	-0.5	-0.4	-1.0	0.0	-0.5	-0.3	0.0	-0.5	0.1	-0.2	-0.6	-0.2	0.8	0.0	-0.1	0.1	-1.0	-0.3	0.5	0.2	0.9	0.0	-0.7	-0.3	0.7	0.6	-0.3	-0.6	-0.6	-0.5	-0.9	0.2	0.5	-0.6	0.3	0.5	0.9	0.1	0.8	0.2	-0.4	-0.9	0.9	0.4	-0.6	-0.2	0.0	-0.9	0.8	-1.0	0.2	-0.2	0.3	-0.9	-0.3	-1.0	0.6	0.7	-0.3	0.5	0.7	0.7	-0.2	0.0	0.3	0.3	0.7	-0.3	0.4	0.7	-0.2	0.8	1.0	-1.0	
0.9	0.6	0.5	-0.3	1.0	0.0	0.2	1.0	-0.3	-0.5	0.6	-0.3	0.7	-0.6	0.9	0.6	-0.2	0.6	-0.7	0.1	0.7	0.3	0.7	0.3	-0.8	-1.0	-1.0	0.0	-0.5	-0.1	0.2	0.9	0.9	0.4	0.8	0.6	0.2	-0.9	-0.7	-1.0	0.8	1.0	-0.9	0.8	0.5	0.7	0.4	0.6	-0.3	0.7	0.2	0.3	0.7	-0.2	-0.1	0.9	0.3	-0.2	0.5	-0.7	0.2	-0.1	-0.2	0.6	0.1	-0.6	-0.2	-0.7	1.0	0.9	-0.4	-0.3	-0.4	0.1	-0.9	0.7	0.3	-0.5	-0.2	1.0	
0.4	0.5	0.1	0.6	0.0	0.8	-0.5	-0.5	0.5	-0.1	0.4	0.9	0.1	0.4	0.1	-0.6	-0.4	-0.5	0.3	-0.3	0.1	-0.3	0.0	-0.8	0.6	-0.6	-0.3	-0.4	-0.8	-0.7	0.0	-0.9	0.7	0.3	0.3	0.6	0.2	-0.4	-0.5	-1.0	-0.3	-0.6	-0.5	-0.9	-0.3	-0.3	-0.7	0.7	-0.7	0.8	-0.6	0.7	1.0	-0.9	-0.8	0.7	-1.0	-0.4	1.0	-1.0	-0.9	-0.4	-0.5	0.8	0.0	0.8	0.6	0.1	0.0	-0.7	-0.8	1.0	0.5	-0.9	0.7	0.6	1.0	0.5	0.5	-0.5	
1.0	0.6	-0.5	0.6	0.4	-0.5	-0.4	-1.0	-0.5	-0.3	0.4	1.0	-0.2	0.0	-0.6	1.0	-0.1	0.6	-0.1	0.1	-0.7	-0.6	-0.3	-0.5	0.4	0.3	0.8	-0.8	0.9	-0.3	0.1	-0.7	0.8	-0.4	0.7	-0.5	0.4	-0.2	0.1	0.7	0.1	-0.8	-0.2	0.7	0.9	-0.7	1.0	-0.2	0.9	0.5	0.9	1.0	0.6	0.9	0.2	-0.7	-0.5	0.6	0.2	-0.2	-1.0	0.7	0.2	0.8	-0.3	0.6	-0.2	-0.2	0.4	0.5	-0.9	0.8	0.5	-0.9	0.1	0.1	0.4	0.6	0.6	1.0	
-0.1	0.7	0.1	0.0	0.4	-0.3	0.0	0.2	-0.4	-0.4	-0.1	0.8	0.3	-0.5	-0.4	-0.3	0.4	-1.0	0.8	0.8	1.0	-0.5	-0.2	0.3	0.7	1.0	-0.2	-0.5	-0.3	-0.1	-0.8	-0.3	-0.1	-0.3	-0.9	0.0	0.5	0.9	-0.1	0.8	-0.9	-0.4	0.1	0.0	-0.2	0.3	-0.3	0.1	0.9	-0.6	-0.2	-0.9	0.4	-0.4	-0.1	-0.3	0.2	1.0	-0.5	-0.7	-1.0	0.9	0.5	-0.4	0.4	-0.2	-0.4	0.3	0.5	0.0	-0.5	0.4	0.9	-0.2	1.0	0.9	0.9	0.0	0.5	-0.9	
-0.9	-0.5	-0.5	0.1	-0.3	0.2	-0.4	-0.2	-0.2	-0.2	0.3	0.3	0.6	-1.0	-0.7	0.4	-0.6	-0.9	-0.8	-0.1	-0.7	-0.1	-1.0	0.6	0.5	0.7	0.7	-0.2	-0.3	0.4	-0.2	0.8	-0.1	-0.8	0.2	-0.7	-0.2	-1.0	-0.3	-0.6	0.5	0.0	0.7	0.3	-0.1	0.4	-0.2	-0.4	-0.2	0.0	0.4	-0.9	-0.7	-1.0	0.7	0.2	0.7	0.1	-0.6	1.0	0.8	-0.7	-0.9	-0.1	-1.0	-0.7	0.2	-1.0	1.0	-1.0	-0.7	0.2	-0.5	-0.7	-0.8	0.4	1.0	0.6	-0.1	-1.0	
-0.5	0.2	0.4	-0.4	0.8	0.2	-1.0	0.3	-0.1	0.7	-0.8	-0.1	0.0	-0.7	-0.8	-1.0	-0.2	0.3	-1.0	-0.8	1.0	-0.7	-0.3	-0.9	-1.0	0.1	-0.6	-0.2	0.2	-1.0	0.2	0.4	-0.4	0.6	0.9	-0.4	-0.6	0.4	-0.4	0.5	0.8	-0.4	-0.4	-0.4	0.3	0.8	0.7	-0.5	0.4	-0.3	0.2	-0.6	0.0	0.6	0.4	0.4	0.8	0.0	-0.1	-0.3	0.0	-0.7	-0.9	0.4	0.2	-0.7	0.4	-0.5	-0.1	-0.4	0.9	0.7	-0.8	0.0	-0.8	-0.7	0.3	-0.2	0.5	-0.8	
0.8	0.8	-0.3	0.8	-0.1	0.7	0.5	0.2	0.3	0.6	0.2	-0.6	0.2	0.3	-0.8	-0.6	-0.4	0.1	0.5	0.8	-0.8	1.0	-0.6	0.7	-0.4	0.0	0.9	-0.7	-0.6	0.3	-0.5	0.6	-0.1	0.2	-0.3	0.2	-0.1	-0.3	-0.7	-0.8	0.0	-0.5	0.2	0.6	-0.2	0.0	-0.4	0.8	0.6	0.6	-0.5	0.9	-0.9	0.2	-0.6	-0.4	0.8	-0.3	0.2	0.5	-0.5	0.4	0.6	-0.8	-0.3	0.7	1.0	0.3	0.9	0.1	0.4	-0.3	-0.5	0.5	-0.5	0.3	0.7	-0.6	0.2	-0.1	
0.5	-0.6	0.1	0.2	-0.3	0.1	-0.9	1.0	0.2	-0.4	-0.9	0.0	-0.6	-0.6	-0.1	0.3	-1.0	-0.7	0.8	0.9	0.7	0.5	0.6	0.0	-0.7	-0.6	-0.8	-0.3	0.7	0.6	1.0	-0.4	-1.0	-0.6	0.7	0.9	-0.7	0.6	-0.2	0.6	-0.1	-0.1	0.9	-0.9	0.7	0.7	-1.0	-0.1	-0.7	0.9	0.4	0.2	0.2	0.8	0.9	0.1	0.2	-0.8	0.1	-0.3	0.7	-0.6	0.2	1.0	-1.0	-0.5	-0.5	0.8	-0.5	0.0	1.0	0.5	-0.8	0.3	1.0	-0.9	-0.4	0.3	0.8	-0.2	
0.8	0.8	-0.4	-0.4	-0.4	0.1	-0.8	1.0	1.0	0.2	-0.1	0.9	-0.2	0.5	0.5	-0.6	-0.6	-0.1	-0.1	0.3	-0.7	-0.2	0.0	0.1	0.2	0.7	-1.0	0.3	0.3	-0.2	0.7	-0.2	-0.6	0.8	-0.8	-0.2	-0.3	1.0	-0.9	-0.6	0.7	-0.5	-0.7	-0.1	0.2	0.1	0.1	0.0	-0.8	-0.7	-0.9	0.1	-0.3	0.5	-0.9	0.8	0.0	-0.6	0.9	-0.7	0.0	-0.4	-0.8	-1.0	0.3	-0.4	0.3	-0.2	-0.9	-0.4	0.4	0.9	0.9	0.0	-0.9	0.6	-0.3	-0.5	0.1	0.5	
0.8	0.2	-0.4	0.1	0.5	-1.0	0.2	0.0	0.6	0.1	-0.2	0.9	-0.6	-0.2	0.0	-0.3	0.5	-0.2	-0.6	-0.4	-0.6	0.8	-0.7	-1.0	0.3	1.0	0.4	-0.8	0.7	-0.5	0.8	0.5	0.0	0.1	0.7	-0.3	-0.2	-0.6	0.0	-0.6	-0.5	0.3	-0.1	0.8	-0.7	-1.0	-0.7	-0.2	-0.9	0.2	-0.4	0.3	-0.4	-0.6	-0.3	-0.4	-0.9	-0.4	0.9	0.5	-0.5	-0.9	0.0	0.2	0.4	-0.1	-1.0	-0.9	-0.3	-0.2	-0.1	-0.8	0.2	0.2	0.2	0.4	0.2	-0.9	0.6	0.6	
0.2	-1.0	-1.0	0.1	-0.6	0.9	0.7	0.5	0.5	-0.7	0.7	-0.8	0.2	0.6	0.4	1.0	0.8	-1.0	0.9	1.0	-0.2	0.0	-0.2	-0.2	0.1	-0.6	0.0	0.8	-0.7	-0.8	0.2	0.0	0.2	0.9	0.8	0.9	-0.7	-0.8	0.4	-0.3	0.5	0.8	0.4	0.4	-0.3	-0.5	0.1	0.6	0.5	0.1	0.1	-0.1	0.8	1.0	0.6	0.7	-0.1	1.0	0.3	-1.0	1.0	0.0	0.7	-0.3	-0.4	0.7	0.9	-0.9	0.4	-0.6	-0.8	-0.4	0.4	-0.3	0.3	-0.9	0.9	0.7	-0.5	0.0	
0.0	0.4	-0.1	0.5	-0.5	-0.1	-0.5	-0.4	0.4	0.7	0.9	-0.6	1.0	0.0	0.2	0.0	0.6	-0.9	-0.3	-0.9	-0.2	0.8	0.2	0.1	0.2	-0.6	0.5	-0.8	-0.1	0.3	0.3	-0.5	-0.2	-0.5	0.6	0.9	-0.6	-0.5	0.0	0.7	0.6	0.0	0.3	0.7	-0.1	0.6	0.4	0.5	-0.8	-0.8	0.9	0.5	-0.9	-0.9	0.1	0.7	-0.3	-0.2	-0.8	0.0	0.2	1.0	0.5	0.8	0.8	-1.0	-0.1	0.3	1.0	-0.7	0.7	0.8	0.4	-0.5	-1.0	0.0	0.1	0.1	0.4	-0.6	
1.0	0.1	-0.2	-0.7	0.9	1.0	0.6	0.2	-0.7	1.0	-0.8	-0.3	-0.1	-0.2	-0.4	-0.1	-0.6	-0.5	-0.1	1.0	0.8	0.4	-0.9	0.5	0.1	-1.0	0.1	0.5	0.7	-0.4	1.0	-0.7	0.6	0.1	-0.8	1.0	-0.4	0.0	0.7	-0.1	0.2	-0.8	-1.0	-0.8	0.6	-1.0	0.4	1.0	0.0	-0.3	0.9	-0.7	0.2	-0.6	0.5	-0.3	0.8	-0.7	0.1	0.6	-0.3	0.1	-0.4	-0.9	0.9	0.2	0.4	0.0	-0.4	-0.2	0.0	0.2	-0.6	-0.8	-0.8	0.1	0.0	0.0	-0.9	-0.1	
0.8	0.3	-0.5	-0.2	-0.6	0.8	-0.1	-0.3	0.3	1.0	0.9	0.6	-0.9	-0.4	1.0	0.8	0.5	-0.2	-0.5	0.7	-0.9	1.0	0.2	-0.5	0.5	0.8	-1.0	0.0	0.5	-0.2	-0.6	0.5	0.1	0.5	-0.3	0.5	0.2	0.8	-0.5	0.2	0.0	-0.1	0.1	0.9	-0.1	0.4	-0.5	-0.6	0.3	0.9	0.9	0.2	-0.5	0.9	-0.7	-0.7	0.9	-0.9	-0.9	0.3	0.1	0.4	0.7	0.2	0.0	0.8	0.6	-0.2	-0.4	0.8	0.4	-0.9	0.8	-0.9	1.0	-0.4	0.0	-0.3	0.8	0.0	
0.7	-0.7	-1.0	0.4	0.9	0.2	-0.2	0.7	0.2	0.2	0.1	0.2	0.8	0.0	0.7	0.6	-0.3	1.0	-0.1	0.1	-0.5	0.3	0.0	0.1	1.0	0.3	0.2	-0.4	0.4	0.2	0.7	-0.9	-0.9	-0.2	0.7	0.4	1.0	-0.1	0.2	-0.2	1.0	-0.9	-0.6	-0.6	-1.0	0.0	-0.3	0.3	-0.8	-0.6	0.4	-0.3	0.8	0.3	-0.8	0.6	0.6	0.4	-0.1	-0.9	-0.9	-1.0	-1.0	0.8	-0.7	-0.7	-0.6	0.7	-0.8	1.0	0.6	1.0	1.0	0.1	-0.9	-1.0	0.9	-0.7	0.9	-0.4	
0.7	-0.1	0.6	0.8	0.1	0.4	0.2	-0.3	0.8	-0.6	-0.5	0.1	0.3	0.0	-0.4	-0.9	0.3	0.4	0.6	-0.3	-0.8	0.9	-0.2	-0.4	0.2	-0.5	0.9	-0.5	0.3	-1.0	0.0	0.4	-0.3	-0.6	-0.4	0.4	-0.4	0.2	0.5	-0.6	0.4	0.7	0.8	1.0	-0.4	-0.1	-0.8	-0.7	-0.6	-0.9	0.5	-0.1	-1.0	0.8	0.5	0.2	0.9	0.8	0.9	-0.7	-0.7	-0.4	0.5	-0.5	0.1	0.8	-0.2	-0.7	-0.7	0.9	0.0	-0.7	-0.7	0.1	-0.7	-0.6	1.0	0.5	-0.7	0.9	
-0.8	0.5	-0.6	0.7	0.6	-0.8	-0.5	0.9	-0.5	-1.0	0.8	-0.2	0.8	-0.2	0.7	1.0	0.6	0.0	-0.2	0.0	-0.5	-0.3	0.0	0.4	-0.6	0.7	-0.2	-1.0	0.9	0.6	-0.3	1.0	0.0	0.2	1.0	0.1	1.0	0.1	0.8	-0.4	-1.0	0.2	-0.3	0.1	0.7	-0.1	-0.6	0.0	-0.7	-0.5	-0.7	-0.2	-0.3	-0.8	0.7	0.9	0.8	-0.6	0.5	-0.8	-0.1	-0.1	0.9	0.1	0.0	0.1	0.5	0.2	0.5	-0.6	-0.1	-0.6	0.6	-0.1	-0.8	0.1	0.7	0.4	0.7	-0.4	
0.9	-0.7	-0.8	-0.7	0.9	-0.2	0.7	0.9	0.7	-0.8	0.3	-0.4	0.6	-0.7	0.9	0.1	-0.9	0.3	-0.3	-0.6	-0.1	0.2	0.8	0.9	-0.7	-0.9	0.9	0.4	1.0	0.4	0.4	0.7	-0.7	-0.1	1.0	-0.8	-0.1	1.0	-0.6	0.1	-0.7	0.7	0.3	-0.4	-0.7	-0.7	-0.2	-0.6	0.6	0.0	0.9	-0.3	1.0	0.4	0.9	-0.9	-0.3	1.0	-1.0	-0.4	0.1	-1.0	0.6	0.1	0.9	0.8	-0.3	-1.0	-0.3	-1.0	-0.8	-0.9	0.5	0.2	-0.7	0.8	1.0	-0.8	0.6	-0.8	
0.8	0.9	-0.2	0.3	0.4	-0.9	-0.3	0.9	-0.1	-0.9	-0.9	0.9	-0.6	1.0	-0.9	-0.1	-0.2	0.2	0.3	-0.6	-0.5	0.1	0.3	0.2	-0.8	0.5	0.4	-0.8	0.1	0.6	-1.0	-0.4	0.5	-0.1	0.1	-0.4	0.3	-0.2	0.1	0.0	-0.2	-0.8	-0.6	0.9	-0.4	0.5	0.8	0.5	0.4	0.5	0.8	1.0	-0.7	-0.2	0.0	-0.4	0.1	0.8	0.6	-0.8	-0.2	-1.0	0.6	0.5	0.4	0.1	0.8	-0.6	-0.1	0.1	-0.6	0.8	1.0	-0.2	-0.3	-0.2	-0.8	-0.9	0.3	0.1	
-0.5	-0.1	0.6	0.8	0.1	-0.4	0.9	0.2	0.4	0.2	0.5	-0.7	-0.7	0.1	0.6	-1.0	-0.2	0.9	-0.9	0.9	-0.2	0.4	0.6	0.9	0.5	-0.8	0.6	0.2	0.1	-0.9	-0.4	0.1	-0.8	0.6	0.4	0.5	-0.8	-0.1	-0.3	0.3	0.4	-0.4	-1.0	-1.0	-0.4	0.9	-0.6	-1.0	-0.6	-0.4	-0.7	-0.9	0.3	0.2	-1.0	0.1	-0.6	-0.1	-0.1	0.8	-0.5	-0.2	-0.1	-0.5	-0.1	0.0	0.2	-0.1	0.2	1.0	-0.1	-0.8	0.9	-0.5	-0.6	0.8	0.8	-0.8	-0.6	0.1	
-0.9	0.7	-1.0	-1.0	0.4	-0.3	-0.3	-0.5	0.1	-0.3	0.1	-0.8	0.1	0.8	0.9	0.2	-0.2	-0.9	-0.4	-0.4	0.1	-0.8	-0.1	0.9	0.5	-0.6	-1.0	0.3	0.3	0.8	0.5	0.3	-0.3	0.1	-0.2	1.0	-0.6	0.7	0.2	-0.4	0.3	-0.7	-0.1	-0.6	0.7	0.2	0.3	0.6	0.8	0.3	1.0	0.1	-0.7	0.2	0.3	0.6	-0.5	-0.7	0.2	0.3	-0.9	-0.2	0.4	0.4	1.0	0.5	0.3	-0.5	-0.9	0.4	0.0	1.0	-0.9	-0.9	-0.2	-1.0	-1.0	-0.2	0.6	0.6	
0.9	-0.6	0.6	0.0	-0.1	0.9	-0.9	0.0	-0.3	0.5	0.4	0.6	-0.9	-0.9	-0.9	0.0	-0.8	-0.9	0.1	0.9	0.1	-0.7	0.8	-0.9	-0.1	-0.9	-0.6	0.5	-0.3	-0.2	0.5	-0.7	-0.7	-0.3	0.8	-0.6	0.7	0.1	0.2	-0.9	-0.3	-0.6	0.1	0.9	0.3	0.0	-0.4	0.5	1.0	0.4	-0.8	0.7	0.5	0.5	0.8	-0.8	0.4	0.4	0.6	0.1	-0.1	-1.0	0.7	-0.3	1.0	0.7	-1.0	-0.8	-0.5	0.1	1.0	0.4	-0.2	0.4	-0.3	0.5	0.7	1.0	-0.9	0.6	
-1.0	0.1	-1.0	0.4	-1.0	-0.7	0.4	-0.4	1.0	-0.4	0.2	1.0	-0.5	-0.3	-0.3	-0.3	-0.2	-0.7	0.0	0.7	-0.9	0.2	0.0	0.8	-1.0	-0.7	0.1	0.1	-0.9	-0.2	0.1	-0.6	0.4	-1.0	0.4	0.9	1.0	-0.1	0.8	-0.5	0.8	-0.6	-0.5	0.0	0.8	-0.4	-0.2	0.6	-0.5	0.8	1.0	-0.3	-0.9	0.0	-0.7	-1.0	0.5	-0.8	1.0	0.0	0.1	0.6	0.6	0.6	0.1	-0.1	-0.6	0.5	0.4	0.4	0.5	-0.2	-1.0	-0.5	-0.9	-0.6	0.5	-0.2	-0.3	-0.1	
1.0	-0.1	0.1	-0.6	-0.6	0.9	0.9	0.7	0.3	0.6	0.6	0.9	-0.7	-0.4	0.7	-0.1	0.6	-1.0	0.5	0.1	-0.7	-0.9	-0.2	-0.3	-1.0	0.1	0.1	0.9	0.2	0.8	0.7	-0.2	-0.3	-0.2	-0.7	-0.8	0.0	0.0	1.0	0.9	-0.5	0.7	0.5	-0.8	-1.0	-0.7	0.2	-0.5	0.2	0.8	-1.0	1.0	0.8	-0.8	-0.1	-0.2	-0.3	0.1	-0.1	-0.8	0.2	0.7	-0.6	-0.9	1.0	-0.7	-0.2	-0.4	0.0	-1.0	-0.5	-0.7	-1.0	0.5	-0.5	-0.3	-0.5	0.4	0.3	-0.5	
-0.3	1.0	0.2	1.0	-0.5	0.2	1.0	0.7	0.2	-0.4	1.0	0.2	0.1	-0.4	-0.7	-0.5	-0.2	-0.9	-0.7	-0.6	0.6	0.3	0.6	0.7	0.8	0.7	0.8	-0.9	-0.6	0.8	0.6	-0.3	0.0	0.2	0.9	-1.0	0.2	0.3	0.7	0.0	-0.9	-1.0	0.1	0.4	-0.9	-0.7	-0.3	-0.2	-1.0	-1.0	-0.6	-0.8	-0.8	0.3	0.2	-0.4	-0.8	1.0	0.6	0.0	-0.5	0.0	-0.1	0.0	0.8	-0.8	0.6	0.1	-0.7	0.8	0.9	-0.4	0.6	1.0	-0.6	-0.8	0.3	0.8	0.3	0.8	
0.8	0.8	-0.2	0.8	0.1	-0.8	0.9	-0.8	0.7	0.2	0.4	0.1	0.2	-0.8	-1.0	-0.7	0.4	0.9	-0.3	0.8	0.5	0.4	-0.3	0.2	-0.8	-0.7	-0.2	0.7	0.5	-1.0	0.2	0.5	1.0	0.6	-0.2	0.7	-0.3	-0.8	-0.2	0.7	-0.3	0.8	-0.3	0.7	-0.7	0.3	0.3	0.8	0.1	-0.6	-0.2	0.8	-0.3	-0.6	0.3	0.4	0.1	-0.6	0.7	-0.1	-0.4	-0.1	0.2	-0.9	-0.9	-0.7	0.4	0.8	0.7	1.0	0.2	0.4	-0.7	-0.1	0.9	-0.8	-0.2	0.6	-0.9	0.7	
-0.3	0.4	0.8	0.1	0.0	0.6	0.6	-0.7	-0.9	0.3	0.7	-0.6	0.5	-0.3	-0.7	0.8	0.7	0.8	0.0	-0.6	-0.6	-0.7	-0.1	0.1	-0.2	0.3	-0.4	0.0	0.0	0.2	0.5	0.6	-0.8	-0.5	1.0	0.9	-0.9	0.2	-0.7	0.4	-0.8	-0.6	0.6	0.7	-1.0	0.5	0.7	0.1	0.6	0.1	0.3	0.9	-0.4	-0.2	-0.8	0.6	0.1	-0.4	-0.2	-0.1	0.8	-0.6	-0.7	0.7	-0.1	-0.2	0.3	-0.9	-1.0	0.8	0.0	-1.0	0.5	0.9	0.7	0.1	0.4	-0.5	-0.8	1.0	
-0.8	0.4	-0.3	-0.4	0.2	0.3	0.1	-0.9	0.2	0.4	0.2	0.9	0.7	0.9	0.9	0.9	-0.9	0.7	1.0	0.9	0.9	-0.4	0.6	-0.8	-0.2	-0.1	-0.6	0.6	-0.1	0.7	0.9	-0.7	0.0	0.5	-0.5	-0.8	-0.6	0.9	-0.5	0.8	-0.6	0.7	0.0	1.0	1.0	0.3	-0.7	0.9	-0.7	0.7	0.7	-0.4	-0.4	0.4	-0.5	-0.6	-1.0	0.1	0.1	-0.8	0.0	0.0	-1.0	0.6	0.8	-0.7	-0.7	-0.6	0.4	0.8	0.5	-0.8	-0.6	0.1	0.9	1.0	0.6	0.6	0.9	1.0	
0.6	0.2	-0.9	-0.4	0.3	0.4	0.9	1.0	0.8	0.6	0.5	0.5	-0.7	0.2	-0.6	-0.2	0.6	-0.6	0.2	-0.6	0.4	-0.8	0.9	-0.3	-0.3	-0.9	-0.2	-0.7	-0.2	-0.3	1.0	0.2	-0.9	1.0	1.0	-0.7	1.0	0.6	0.5	-1.0	1.0	0.7	0.5	0.2	-0.2	-0.3	-0.2	-0.2	0.6	0.0	-0.8	0.5	0.6	0.9	0.8	0.9	-0.5	-0.1	-0.9	1.0	-1.0	-0.7	-0.5	0.8	-0.4	0.3	1.0	-0.4	0.9	-0.6	-0.4	0.9	-0.8	0.6	0.6	0.9	-0.1	1.0	0.7	0.0	
0.9	-0.4	0.4	-0.7	-0.3	-0.5	-0.8	-1.0	-0.2	0.8	1.0	0.4	0.7	0.2	0.1	-0.7	-0.5	0.9	-0.9	0.8	-0.2	-0.1	0.9	-0.7	-0.4	-0.7	-0.8	-0.2	0.9	0.9	-0.2	-0.4	0.1	1.0	-0.5	0.2	0.6	0.0	-0.2	0.4	0.0	-0.1	0.3	-0.8	-0.9	1.0	-0.2	-0.8	0.7	-1.0	0.4	0.1	-0.4	0.7	0.2	0.1	-0.5	-0.9	0.6	-0.7	0.7	0.0	0.2	-0.6	1.0	0.3	0.7	-0.4	0.1	0.6	-0.3	-0.2	-0.5	0.2	-0.5	0.5	1.0	1.0	-1.0	0.3	
-0.4	0.8	0.3	1.0	-0.2	-0.6	1.0	-0.5	-0.1	1.0	0.0	-1.0	0.5	-0.3	-1.0	0.8	0.6	-1.0	-0.9	-1.0	-0.3	0.3	0.9	-0.7	-0.9	-0.5	-0.5	-0.6	-0.5	0.1	-0.7	0.1	-0.2	0.1	-0.8	-0.7	1.0	0.3	0.3	0.0	0.6	0.0	0.5	-0.2	-0.5	0.6	0.7	0.7	0.9	0.7	0.7	1.0	0.4	-0.3	-0.7	0.5	-0.2	-0.1	0.9	-0.2	-0.2	0.2	0.5	-0.6	-1.0	-1.0	-0.1	0.9	-1.0	-0.4	-0.8	0.2	0.1	0.6	0.5	0.8	-0.9	0.8	0.7	-0.1	
0.8	0.5	-0.1	-0.2	0.6	-0.7	-0.6	-0.8	0.4	0.4	-0.2	0.2	-0.4	-0.5	-1.0	-0.8	1.0	0.6	-0.1	0.3	0.8	-0.6	0.9	0.6	0.5	-0.1	0.9	0.0	0.8	-0.4	0.8	-0.5	0.6	0.4	0.2	-0.2	0.1	-0.5	-0.6	-0.1	0.2	0.1	1.0	-0.5	0.6	0.1	-0.8	0.9	1.0	0.7	1.0	-0.4	-0.9	0.8	-0.8	-0.3	-0.4	-0.7	-0.4	0.3	-0.3	-0.6	-0.1	-0.9	0.0	0.9	0.3	-1.0	0.1	0.1	-0.4	0.6	0.6	-0.5	0.0	0.7	-1.0	0.1	0.6	0.6	
-0.8	-1.0	-0.2	1.0	-0.4	-0.1	-0.9	-0.3	-1.0	0.2	-0.1	0.5	-0.4	0.0	0.6	0.5	0.0	0.6	-0.1	0.3	0.1	-0.3	0.2	0.8	-0.3	0.2	0.6	-1.0	0.9	0.8	0.5	-0.4	1.0	0.0	0.8	0.8	0.0	0.5	-0.8	-0.3	0.0	-0.7	0.1	0.4	-0.8	0.4	0.5	0.5	-0.6	0.9	0.6	0.5	0.6	-0.1	-0.8	-0.2	0.6	-0.8	0.7	1.0	0.9	0.0	0.4	0.7	0.6	-0.5	-0.3	0.3	-0.6	-0.8	0.4	-0.6	-0.8	0.8	-0.9	0.2	0.7	0.0	0.8	-0.7	
0.2	-0.8	0.2	0.4	-0.1	-0.4	-0.4	0.9	0.4	-1.0	0.5	-0.2	-0.1	0.6	-0.6	-0.5	-0.1	0.8	-0.1	0.5	-0.2	0.8	-0.2	-0.4	0.7	0.8	-0.4	0.5	0.5	-0.1	0.2	-0.3	0.2	1.0	-0.9	1.0	0.3	-0.4	0.2	-0.9	0.6	-0.1	-0.6	0.0	-0.1	0.3	-0.1	-0.5	0.3	-0.7	0.2	-0.5	0.0	-0.9	0.7	0.3	1.0	-0.3	0.7	0.1	0.6	1.0	-0.3	-0.2	-0.9	0.9	0.0	0.7	0.4	0.8	0.5	0.0	0.4	-0.9	0.2	-0.1	0.7	0.8	-0.8	0.7	
-0.2	-0.9	1.0	0.9	0.4	1.0	1.0	0.9	-0.9	0.4	0.8	0.9	-0.4	0.3	0.7	0.4	1.0	0.7	1.0	0.6	0.5	0.0	0.7	-0.3	-0.1	0.7	-0.2	0.4	0.9	-0.4	-0.3	-0.1	-0.2	0.0	-0.2	-0.4	0.9	-0.2	-1.0	1.0	-0.2	0.5	-0.4	0.5	0.4	-0.5	0.7	-0.7	0.1	-0.6	-0.4	-0.9	0.8	0.7	0.0	-0.1	-0.7	0.3	-0.8	0.1	-0.3	-0.8	-0.4	0.5	0.3	-0.6	0.4	1.0	-0.4	-0.4	0.2	-0.9	-0.3	-0.9	0.9	-0.4	-0.2	-0.5	-0.1	0.6	
-0.1	-0.6	-0.4	0.7	-0.9	-0.4	0.0	0.8	1.0	-0.6	0.7	-0.2	0.8	-1.0	0.1	0.7	-0.8	0.6	1.0	1.0	0.8	0.0	-0.5	-0.3	0.8	-0.3	0.7	-0.8	0.9	0.5	0.2	-0.9	-0.8	0.2	-0.7	0.4	-1.0	-0.6	-0.2	0.7	-0.6	0.4	0.8	-0.8	-0.6	-1.0	0.5	-0.1	-0.3	1.0	0.6	-0.6	-0.5	0.2	-0.8	0.6	0.1	-0.8	1.0	-1.0	-0.6	-0.9	-0.5	0.7	-0.3	-0.8	0.5	0.1	-0.6	-0.3	-0.5	-0.6	-0.8	-0.2	-1.0	0.6	-0.8	-0.9	-0.1	-0.1	
0.7	-0.3	-0.5	0.8	0.8	0.5	-0.6	0.6	-0.7	-0.6	-0.2	-0.2	0.4	0.1	-0.1	0.7	1.0	-0.8	0.5	0.8	-0.8	0.2	0.0	-0.4	-0.4	0.0	0.8	-0.2	0.3	-0.9	-0.4	-0.6	0.0	-0.9	0.2	-0.3	-0.4	-0.3	0.6	0.6	0.8	-0.8	-0.4	0.6	-0.3	0.4	-0.8	0.7	0.0	0.8	0.8	-0.9	0.2	0.0	0.7	0.5	-0.1	-0.1	0.9	0.9	0.6	0.4	-0.7	0.1	0.7	-0.3	-0.8	-0.2	0.8	-0.9	-0.1	-0.4	-0.8	-0.5	-1.0	-0.4	-0.2	-0.8	0.1	0.1	
1.0	1.0	-0.9	-0.2	0.7	0.9	0.8	-0.6	-0.5	0.7	0.2	0.9	-0.3	-0.2	0.9	-0.3	-0.2	-0.1	-0.1	0.0	-0.9	0.9	-0.3	-0.2	-0.6	0.8	-0.1	0.5	-0.2	0.9	0.8	-0.1	-0.6	1.0	0.8	-0.1	-0.8	0.0	-0.6	-1.0	0.6	-0.7	-0.6	-0.5	0.5	0.9	1.0	-0.5	-0.2	-0.5	-0.9	-0.9	0.9	-0.6	-0.2	1.0	0.2	0.7	-0.3	-1.0	0.6	-1.0	0.4	-0.4	0.0	-1.0	-1.0	-0.6	0.9	0.9	-0.8	0.5	-0.6	0.2	0.4	-0.9	0.0	0.1	-0.6	0.1	
0.9	1.0	-0.7	-1.0	0.6	0.2	-0.1	-0.5	-1.0	0.0	-0.6	0.4	-1.0	-0.6	-0.1	1.0	0.9	0.8	0.1	0.5	0.6	0.5	1.0	0.4	0.5	0.0	-0.7	0.7	-0.6	0.3	0.4	-0.1	-0.3	0.5	-1.0	0.6	-0.2	0.2	0.0	-1.0	-0.1	-0.2	-0.3	-0.9	0.9	-0.9	0.4	-0.2	0.8	-1.0	-0.5	0.0	0.6	-1.0	0.5	0.3	-0.7	-0.9	0.8	-0.7	-0.5	-0.6	1.0	-0.9	0.1	-1.0	-0.1	-0.8	-0.3	-0.4	0.4	-0.5	0.1	-0.4	0.0	-0.8	-0.7	0.5	-1.0	0.4	
-0.3	-0.8	-0.5	0.0	0.1	-0.7	-0.7	-0.8	0.7	-0.7	-0.9	0.8	0.7	0.3	-0.2	1.0	-0.4	-0.7	-0.1	-0.3	0.6	-0.6	-0.8	0.7	-0.4	0.9	0.0	-0.2	0.8	-0.6	-0.5	-1.0	-0.8	0.5	-0.6	-0.5	0.4	-0.9	-0.9	-1.0	0.7	-0.1	0.9	0.0	0.9	0.7	0.5	0.5	-0.6	-0.9	-0.4	-0.1	0.9	0.0	-0.1	1.0	-0.7	-0.9	-0.3	0.5	0.9	0.4	0.1	-0.1	1.0	-0.5	-1.0	-0.5	0.6	1.0	0.0	0.8	-0.8	-0.8	0.5	-0.7	0.7	-0.8	-1.0	-0.3	
0.9	-0.9	1.0	0.6	-0.6	0.5	0.7	0.6	0.6	0.1	0.9	0.0	-1.0	0.1	0.4	1.0	0.2	-1.0	0.8	0.9	0.1	0.2	1.0	0.3	0.4	0.7	0.1	0.5	0.1	-0.4	0.1	-0.5	-1.0	-0.2	-0.8	0.0	0.4	-0.5	-0.4	-0.5	0.7	-0.3	-0.6	-0.3	0.0	0.3	-0.3	0.2	0.6	1.0	-0.3	0.7	-0.1	-0.3	0.7	0.2	-0.7	0.5	-0.1	-1.0	-0.3	-0.4	-0.5	-0.2	1.0	0.6	0.3	-0.3	-0.5	-0.3	0.1	-0.5	0.0	0.0	0.9	0.4	0.5	0.1	0.0	0.2	
0.7	-0.7	-0.3	0.6	-0.5	0.1	-0.6	-0.9	0.1	1.0	0.1	0.1	0.9	-0.7	0.8	1.0	0.4	-1.0	0.8	-1.0	-0.4	0.3	0.8	1.0	-0.3	0.5	0.0	0.2	0.0	1.0	-0.5	-0.3	0.0	1.0	-0.1	0.6	-0.6	0.5	-0.3	0.2	-0.3	0.4	0.1	-1.0	-0.9	-0.3	0.8	-0.4	0.9	-0.9	-0.9	0.5	0.9	0.7	-0.2	0.5	-0.5	0.9	0.4	-0.7	0.8	-0.7	-0.7	-0.7	-0.2	0.0	0.3	0.0	-0.7	0.6	-0.1	-0.8	0.6	1.0	-0.6	-0.6	-1.0	0.7	0.3	0.5	
-0.8	0.6	0.2	-0.7	-0.5	-0.7	-0.9	-0.3	0.5	0.7	-0.6	0.0	-0.3	0.1	0.0	0.1	-0.5	-0.1	-0.2	1.0	-0.6	0.8	1.0	0.1	0.6	-1.0	0.4	-0.8	-0.4	-0.3	-0.1	0.9	0.6	-1.0	-0.8	0.3	0.2	0.6	0.6	-0.3	-0.9	-0.2	-1.0	-0.7	-0.3	0.8	-0.7	0.9	1.0	-0.2	0.0	-0.3	0.3	0.0	0.3	0.1	-0.4	-0.8	0.1	-0.1	0.1	-0.3	-0.6	0.6	0.4	0.2	-0.8	0.6	0.3	-0.3	-0.3	-0.8	0.5	-0.4	-0.1	0.1	-0.8	-0.8	-0.9	0.8	
-0.5	-1.0	0.3	-0.5	-0.4	-1.0	-0.6	-0.5	-0.4	0.5	0.2	0.6	-0.1	1.0	-0.2	0.4	0.8	-1.0	-0.9	0.5	0.6	-0.4	-1.0	0.6	0.1	-0.8	0.8	0.4	-0.9	-0.1	0.3	-0.2	0.6	-0.3	0.1	-0.1	0.6	0.2	-0.5	0.8	1.0	-0.1	-0.8	-0.1	0.1	-0.1	-0.9	0.5	-0.7	-0.3	0.5	0.5	-0.6	0.9	0.9	0.2	0.6	0.5	-1.0	0.0	-1.0	0.0	-0.1	0.4	0.4	-0.7	0.0	0.5	0.3	-0.1	0.4	0.9	-0.7	0.3	-0.2	0.0	0.1	-0.1	1.0	0.5	
0.6	0.2	1.0	-0.6	-0.2	0.9	-0.9	0.8	1.0	-1.0	0.7	-0.4	-0.9	-0.2	0.6	0.2	-1.0	-1.0	0.4	0.4	-0.1	-0.1	0.4	-0.6	0.0	-1.0	-0.1	0.9	0.4	-0.9	-0.3	0.0	0.3	-0.5	-1.0	-0.2	-0.2	0.2	0.8	-0.5	-0.2	-0.2	0.4	0.3	-0.3	-0.2	0.9	-0.4	-0.3	0.1	-0.9	-0.3	0.2	0.7	1.0	-0.2	0.8	0.4	0.2	0.9	-0.3	0.3	-0.1	1.0	-0.3	0.5	-0.4	-0.4	-0.6	-0.6	0.9	0.0	0.3	-0.7	0.6	0.9	-0.1	0.7	-0.5	0.6	
0.9	-1.0	0.9	-1.0	0.5	0.4	-0.5	-0.1	0.1	-0.6	1.0	-0.7	1.0	-0.1	-0.6	-0.5	1.0	-0.1	-0.6	0.6	0.3	0.9	0.8	-0.9	-0.3	0.3	0.1	0.9	-0.2	0.0	-0.2	-1.0	0.0	-0.2	1.0	0.1	0.1	1.0	-0.4	0.5	-0.1	0.6	-0.6	-0.2	-0.6	-1.0	-1.0	-1.0	-0.2	0.9	0.8	-0.2	-0.4	0.0	0.3	0.7	0.0	0.3	-0.3	0.6	0.8	-0.9	-0.2	-0.2	-0.2	-0.6	-1.0	-0.9	-0.7	0.3	1.0	0.6	-0.4	-0.1	-0.3	-0.4	0.4	0.2	-0.9	0.0	
0.5	0.5	-0.5	-1.0	0.9	-1.0	-0.6	0.4	0.4	0.8	0.7	0.8	0.7	0.5	-0.2	0.4	0.7	0.2	0.7	0.6	-0.1	-0.9	-0.2	-0.7	-1.0	-0.3	0.7	0.8	1.0	-0.7	0.0	-0.2	-0.2	-0.7	-0.7	0.9	-0.9	-0.8	0.4	0.3	0.1	0.6	-0.7	0.8	-0.5	-0.2	-1.0	-0.6	0.1	-0.5	-0.4	0.0	0.8	-0.2	0.3	-1.0	-0.9	0.1	-0.4	-1.0	-0.4	0.3	0.4	-0.5	0.6	-0.8	1.0	-0.3	0.5	0.7	0.3	0.2	0.2	-0.4	-0.3	1.0	0.1	-0.6	-0.3	0.1	
0.0	-0.5	-0.4	-0.9	0.5	-0.3	0.3	0.2	-0.7	-0.6	-0.9	-0.4	-0.8	0.9	-0.3	0.1	-0.5	-0.5	0.5	0.0	0.3	-0.9	0.8	0.0	-0.5	0.0	-0.2	0.0	0.0	0.6	1.0	0.3	-0.2	-0.2	-0.6	0.9	0.6	-0.2	-0.4	-0.4	0.3	0.4	-0.9	-0.8	-0.2	0.2	0.8	0.5	0.7	-0.1	0.8	-0.9	0.1	-0.7	-0.9	-0.2	-0.7	0.7	0.8	0.7	-0.9	1.0	-0.3	-1.0	-0.9	-0.2	1.0	-0.1	-1.0	-0.2	0.0	1.0	1.0	0.1	0.4	0.5	-0.5	-0.9	0.3	0.4	
0.9	-0.5	-0.5	0.6	-0.8	-0.9	0.5	-0.8	-0.1	0.6	0.2	-0.5	-0.8	0.4	0.3	-0.4	0.0	0.2	0.8	-1.0	0.2	0.8	-0.7	0.9	-0.9	-0.7	0.1	0.5	0.1	0.3	0.5	-0.2	-0.2	-0.9	-0.6	-0.2	0.6	0.0	0.2	0.7	-0.3	-0.7	-0.7	-0.6	0.0	0.2	-0.1	0.8	1.0	-0.6	0.1	0.2	0.5	-0.4	1.0	0.2	0.8	0.9	0.1	0.3	-0.5	-0.8	-0.5	0.5	0.8	-0.2	-0.6	-0.7	-0.6	-0.7	0.1	0.7	0.0	-0.6	-0.8	0.8	-0.2	-1.0	0.4	0.9	
0.4	0.5	0.1	-0.6	0.1	0.6	-0.9	-0.9	-0.1	-0.3	0.9	0.8	0.8	-0.6	0.1	0.4	-0.2	0.7	0.7	-0.9	-0.8	-0.2	-0.4	-0.4	-0.3	-0.3	-0.5	0.4	0.0	0.5	-0.8	-0.6	0.9	0.4	0.0	-0.2	0.9	0.5	-0.6	-0.3	0.9	-0.2	-0.5	0.8	0.1	0.9	-0.2	-1.0	-1.0	0.7	0.7	-0.1	-0.7	-0.3	0.7	0.0	-1.0	0.4	-0.6	0.9	0.5	-0.3	-0.6	-0.2	-0.1	-0.7	-0.3	0.3	-1.0	0.6	0.3	-1.0	-0.4	0.2	-0.8	-0.2	-0.7	-0.8	-1.0	0.8	
-0.8	0.9	0.5	0.8	-0.2	0.1	-0.5	-0.9	-0.4	-0.1	0.0	0.8	0.3	-0.7	-0.8	-0.7	-0.4	-0.2	-0.1	-0.5	0.3	0.1	0.7	-0.2	-0.9	0.4	-0.9	-1.0	-0.3	-0.6	0.2	0.5	-0.8	0.0	-0.4	1.0	0.9	0.7	0.1	0.1	0.4	-0.8	0.3	-0.7	0.0	0.3	-0.2	-0.4	0.9	-0.1	1.0	0.9	0.4	-0.4	0.2	-0.6	0.0	0.3	0.4	0.5	-0.7	0.4	-0.5	0.7	0.6	0.6	-0.9	1.0	-0.7	-0.8	-0.5	0.5	0.4	-0.1	-0.2	0.2	-0.4	-0.2	1.0	0.0	
0.7	0.1	0.7	-0.1	0.5	-0.7	-0.7	-0.9	-0.5	0.7	-0.5	-0.1	-0.1	1.0	0.8	-1.0	0.7	-0.1	-0.8	0.5	-0.6	0.2	-0.2	0.7	0.2	-0.3	0.5	0.4	0.1	-0.5	0.4	0.3	-0.7	-0.6	-0.4	-0.3	-0.6	-0.9	0.3	0.0	0.5	-1.0	-0.2	0.2	-0.4	-0.1	0.7	0.6	0.7	0.8	0.4	0.3	0.5	-0.5	1.0	0.6	0.8	-0.5	0.4	0.9	-0.2	0.5	-0.5	0.8	-0.7	0.9	0.4	1.0	-0.8	0.3	0.8	-0.9	0.8	0.6	-0.7	0.3	-0.2	-0.2	0.9	0.9	
0.3	0.2	0.7	0.6	-0.7	1.0	0.9	0.9	-0.7	-0.3	0.6	-0.8	0.6	0.2	-1.0	-0.8	0.0	-0.8	-0.2	-0.2	-0.1	0.6	-0.2	-0.4	0.9	0.7	0.9	0.9	-0.3	-0.5	0.6	-1.0	0.2	-0.1	-0.5	0.7	0.2	-0.3	-0.1	-0.4	0.7	0.4	0.3	-0.9	-0.8	0.4	0.0	-0.8	-0.3	-0.9	0.0	-0.4	0.2	-0.9	0.8	-1.0	0.4	-0.1	-0.6	-0.8	-0.2	1.0	-0.5	0.0	0.5	0.9	-0.7	-0.8	0.0	-0.8	-0.9	0.0	1.0	-0.2	0.1	-0.5	0.9	0.0	0.0	0.8	
-0.6	0.6	-1.0	-0.5	0.7	0.7	0.2	0.7	0.4	0.9	0.5	-0.5	0.2	-0.8	-0.8	-0.6	-0.3	-0.8	-0.5	-0.1	-0.7	-0.9	-0.4	0.5	-0.5	1.0	0.4	0.6	0.8	0.7	0.8	0.4	-0.2	-0.9	0.4	-0.4	-0.3	0.7	-0.3	1.0	0.3	-0.7	0.4	0.1	0.3	-0.4	0.4	0.6	-0.5	0.4	0.7	0.0	0.4	-0.8	0.0	-0.1	1.0	-0.9	1.0	-0.9	0.5	0.0	0.5	-0.2	0.5	0.0	-0.4	-0.2	0.0	1.0	0.0	-0.3	0.8	-1.0	0.4	0.4	0.5	0.2	0.3	0.0	
0.8	0.3	1.0	-0.1	-0.9	-0.9	0.5	-0.1	-1.0	-0.5	-0.9	0.0	-0.9	-0.2	0.0	-0.8	0.3	-0.6	0.1	-0.2	-0.4	0.8	0.5	-0.5	-0.6	0.6	-0.3	0.5	-1.0	1.0	-0.9	1.0	-0.7	-0.6	0.4	-0.6	0.4	-0.3	0.1	-1.0	-0.3	-0.3	-0.3	-0.1	0.1	-0.8	0.1	-0.8	-0.9	0.3	0.0	0.3	-0.2	-0.8	-1.0	0.7	0.3	-0.2	0.5	-0.8	0.5	-1.0	0.6	0.2	0.3	0.3	0.8	-0.4	-0.7	0.3	0.5	0.3	0.0	0.9	0.7	0.4	0.5	-1.0	0.7	-0.8	
-0.9	-0.9	0.8	-0.6	0.5	-0.2	-0.1	0.0	-0.5	0.3	0.6	0.0	-0.5	-0.9	0.3	-0.1	-0.5	-0.8	-0.3	1.0	0.5	0.2	-0.4	0.9	-0.2	-0.9	0.9	0.2	1.0	0.6	0.7	-0.8	-0.8	1.0	-1.0	-0.7	-0.6	0.3	0.6	0.5	-0.5	-0.9	0.8	0.7	0.8	0.1	-0.7	-0.9	-0.1	-0.9	-1.0	0.9	0.2	0.4	0.4	0.1	-0.2	-0.3	0.3	0.3	-0.7	-1.0	0.1	0.4	0.4	0.8	0.2	-0.2	1.0	0.0	-0.3	-0.1	0.1	-0.4	-0.4	-0.9	-0.3	-1.0	-1.0	0.3	
0.4	-0.2	-0.1	0.5	1.0	0.2	-0.8	0.3	0.1	-0.8	-0.6	-0.1	-0.2	0.1	0.9	0.4	-0.1	-0.4	-0.4	0.1	-0.4	-0.6	-0.4	-0.8	0.6	-0.7	-0.2	0.5	0.1	-0.2	-0.5	-0.9	0.7	0.6	-0.6	-0.9	-0.3	-0.8	-0.7	0.2	-0.4	0.0	0.1	0.4	-0.1	-0.5	-0.7	0.4	0.1	0.3	-0.5	0.4	-0.4	0.9	0.5	-0.8	0.7	0.1	0.2	-0.3	0.2	-0.4	0.6	-1.0	-0.7	0.0	-1.0	0.4	0.7	1.0	0.2	0.2	0.9	0.7	-1.0	0.3	0.4	0.6	0.4	0.6	
-0.7	-0.9	-0.5	0.3	-0.9	1.0	0.5	-0.4	0.7	-0.3	-0.7	-1.0	-0.5	0.0	0.9	0.0	-0.1	0.2	0.9	0.5	0.5	0.6	-0.9	1.0	0.2	0.2	0.3	0.7	-0.1	-1.0	1.0	0.1	0.1	-0.7	-0.2	0.4	-0.7	0.8	-0.3	1.0	-0.1	0.3	0.8	0.7	-0.8	0.4	0.1	-0.7	0.8	0.5	0.7	-0.9	-0.5	0.1	1.0	0.9	0.4	0.7	-0.1	0.2	1.0	-0.5	0.2	0.2	-0.9	0.1	-1.0	0.6	-0.3	-0.3	-0.7	0.1	0.2	0.2	-0.7	-0.8	0.2	-0.5	0.1	-0.8	
1.0	0.9	-0.2	0.5	-0.8	-0.6	-0.9	-0.7	0.9	-0.3	-0.4	-1.0	0.9	0.6	0.4	0.0	0.6	-0.3	-0.1	0.6	1.0	-0.8	0.3	0.7	0.7	-0.8	-1.0	-0.2	-0.1	0.0	-1.0	-0.3	0.5	-0.2	-0.3	0.4	-0.1	0.6	0.2	0.9	-0.1	-0.6	0.9	0.3	0.7	-0.7	1.0	-0.9	-0.5	-0.5	-0.6	0.4	-0.1	0.2	-0.6	0.1	0.5	0.3	1.0	0.8	0.6	-0.2	0.8	-0.5	0.6	0.6	-0.4	0.9	0.0	0.9	-0.5	0.3	1.0	0.4	-0.1	-0.2	-0.8	0.1	0.9	1.0	
0.6	-0.3	0.7	1.0	-0.8	-0.1	0.0	-0.3	0.7	-0.8	-1.0	-1.0	-0.7	-0.5	0.9	-0.6	0.6	-0.9	-0.2	0.7	-0.8	-0.3	0.4	-1.0	0.8	0.5	0.4	0.9	0.1	0.5	0.6	-1.0	0.6	0.7	-0.1	-0.8	0.9	-0.2	-0.9	-1.0	-0.5	-0.1	-0.6	0.0	0.5	-0.1	-0.4	-0.8	1.0	0.5	0.6	-0.5	0.3	-0.2	-0.1	-0.5	0.5	0.4	1.0	1.0	0.0	0.7	0.3	0.9	-0.2	0.9	0.9	-0.1	0.7	0.9	-0.6	0.0	1.0	0.1	0.4	-0.7	0.4	0.3	-0.3	-0.5	

-0.27000000000000035	1.4300000000000004	-9.589999999999995	-6.71	1.259999999999999	0.25	-3.4800000000000004	1.1199999999999986	3.08	-4.890000000000001	5.259999999999999	7.089999999999996	2.51	-0.26999999999999963	3.29	1.8100000000000005	-5.969999999999999	-6.460000000000001	-1.35	3.979999999999999	0.19999999999999962	-1.7900000000000003	-7.290000000000003	1.0000000000000009	0.9500000000000002	4.160000000000002	0.7800000000000006	1.5100000000000011	-6.3	-3.8400000000000007	-0.9499999999999998	2.2199999999999998	3.9499999999999997	-7.700000000000002	-11.120000000000005	-5.159999999999998	0.4800000000000017	-8.540000000000004	-5.040000000000001	-0.23999999999999969	-0.37000000000000033	2.450000000000001	2.7999999999999994	3.370000000000001	-2.5199999999999996	4.270000000000001	3.7600000000000002	-1.3099999999999996	-0.12000000000000005	-1.2799999999999998	0.9300000000000006	-4.5600000000000005	1.6600000000000008	-1.84	1.26	0.91	2.3000000000000003	-1.3099999999999998	-0.6399999999999993	-1.7799999999999998	-0.6599999999999999	-2.8199999999999994	3.8599999999999994	1.8799999999999975	-0.5999999999999992	-5.0200000000000005	3.269999999999998	-0.09000000000000022	4.94	-3.700000000000001	1.41	5.000000000000001	-6.15	-1.1099999999999999	1.1600000000000001	1.2699999999999987	-6.660000000000002	-0.42000000000000004	-0.41000000000000003	-1.9099999999999995	

-0.7	-0.2	1.0	-0.4	-0.6	-0.7	0.7	-0.5	-0.3	0.8	0.2	0.1	-0.1	0.0	-0.5	-0.4	1.0	-0.4	0.9	0.2	0.7	-0.6	-1.0	-0.4	-0.3	-0.9	-0.5	-0.1	-0.1	-0.3	0.1	1.0	-0.9	-0.6	0.5	0.7	-0.5	-0.6	0.0	0.4	-0.8	-0.6	-0.3	-0.3	0.7	0.7	0.2	0.8	0.5	0.3	-1.0	-0.7	0.4	-1.0	0.5	-0.2	0.6	0.3	1.0	0.6	0.7	0.3	-0.1	0.7	0.7	-0.5	0.9	0.8	0.8	-0.3	0.5	-0.4	-1.0	0.5	-0.3	0.6	-0.9	0.3	-0.7	-0.4	

